time,position,speed,action
0,21.112,0.0,Actions.acceleration
1,21.112448,3.17,Actions.acceleration
2,21.113752,6.17,Actions.acceleration
3,21.115867,9.01,Actions.acceleration
4,21.118752,11.71,Actions.acceleration
5,21.122365,14.26,Actions.acceleration
6,21.126668,16.68,Actions.acceleration
7,21.131626,18.97,Actions.acceleration
8,21.137203,21.14,Actions.acceleration
9,21.143368,23.2,Actions.acceleration
10,21.150088,25.15,Actions.acceleration
11,21.157335,26.99,Actions.acceleration
12,21.16508,28.74,Actions.acceleration
13,21.173298,30.39,Actions.acceleration
14,21.181963,31.96,Actions.acceleration
15,21.191043,33.39,Actions.acceleration
16,21.200509,34.74,Actions.acceleration
17,21.210341,36.02,Actions.acceleration
18,21.220518,37.23,Actions.acceleration
19,21.231028,38.43,Actions.acceleration
20,21.24186,39.54,Actions.acceleration
21,21.252991,40.59,Actions.acceleration
22,21.264406,41.58,Actions.acceleration
23,21.27609,42.53,Actions.acceleration
24,21.288035,43.47,Actions.acceleration
25,21.300242,44.41,Actions.acceleration
26,21.312707,45.33,Actions.acceleration
27,21.325427,46.24,Actions.acceleration
28,21.338397,47.13,Actions.acceleration
29,21.351613,48.01,Actions.acceleration
30,21.365071,48.87,Actions.acceleration
31,21.378767,49.72,Actions.acceleration
32,21.392696,50.56,Actions.acceleration
33,21.406856,51.38,Actions.acceleration
34,21.421241,52.18,Actions.acceleration
35,21.435848,52.98,Actions.acceleration
36,21.450674,53.76,Actions.acceleration
37,21.465714,54.52,Actions.acceleration
38,21.480965,55.28,Actions.acceleration
39,21.496423,56.01,Actions.acceleration
40,21.512098,56.87,Actions.acceleration
41,21.528017,57.74,Actions.acceleration
42,21.544177,58.6,Actions.acceleration
43,21.560572,59.44,Actions.acceleration
44,21.5772,60.27,Actions.acceleration
45,21.594056,61.08,Actions.acceleration
46,21.611136,61.88,Actions.acceleration
47,21.628359,62.02,Actions.coasting
48,21.645589,62.04,Actions.coasting
49,21.662806,61.88,Actions.coasting
50,21.679964,61.66,Actions.coasting
51,21.697063,61.45,Actions.coasting
52,21.714102,61.23,Actions.coasting
53,21.731081,61.02,Actions.coasting
54,21.748001,60.81,Actions.coasting
55,21.764862,60.59,Actions.coasting
56,21.781664,60.38,Actions.coasting
57,21.798406,60.17,Actions.coasting
58,21.81509,59.96,Actions.coasting
59,21.831716,59.75,Actions.coasting
60,21.848284,59.54,Actions.coasting
61,21.864793,59.33,Actions.coasting
62,21.881245,59.12,Actions.coasting
63,21.897656,59.23,Actions.acceleration
64,21.914194,59.83,Actions.acceleration
65,21.930896,60.42,Actions.acceleration
66,21.94776,61.0,Actions.acceleration
67,21.964783,61.56,Actions.acceleration
68,21.981957,61.96,Actions.coasting
69,21.999137,61.74,Actions.coasting
70,22.016257,61.53,Actions.coasting
71,22.033317,61.31,Actions.coasting
72,22.050318,61.1,Actions.coasting
73,22.067258,60.88,Actions.coasting
74,22.08414,60.67,Actions.coasting
75,22.100962,60.46,Actions.coasting
76,22.117726,60.24,Actions.coasting
77,22.134431,60.03,Actions.coasting
78,22.151077,59.82,Actions.coasting
79,22.167665,59.61,Actions.coasting
80,22.184195,59.4,Actions.coasting
81,22.200667,59.2,Actions.coasting
82,22.217081,58.99,Actions.coasting
83,22.233438,58.78,Actions.coasting
84,22.249737,58.58,Actions.coasting
85,22.26598,58.37,Actions.coasting
86,22.282165,58.17,Actions.coasting
87,22.298294,57.96,Actions.coasting
88,22.314317,57.37,Actions.coasting
89,22.330162,56.73,Actions.coasting
90,22.345829,56.09,Actions.coasting
91,22.361319,55.45,Actions.coasting
92,22.376633,54.81,Actions.coasting
93,22.39177,54.18,Actions.coasting
94,22.406731,53.55,Actions.coasting
95,22.421517,52.92,Actions.coasting
96,22.436129,52.29,Actions.coasting
97,22.450566,51.67,Actions.coasting
98,22.464831,51.04,Actions.coasting
99,22.478922,50.42,Actions.coasting
100,22.492841,49.8,Actions.coasting
101,22.506602,49.39,Actions.coasting
102,22.520298,49.22,Actions.coasting
103,22.533945,49.04,Actions.coasting
104,22.547543,48.87,Actions.coasting
105,22.561092,48.69,Actions.coasting
106,22.574593,48.52,Actions.coasting
107,22.588046,48.34,Actions.coasting
108,22.60145,48.17,Actions.coasting
109,22.614807,48.0,Actions.coasting
110,22.628115,47.82,Actions.coasting
111,22.641376,47.65,Actions.coasting
112,22.654588,47.48,Actions.coasting
113,22.667754,47.31,Actions.coasting
114,22.680872,47.14,Actions.coasting
115,22.693942,46.97,Actions.coasting
116,22.706957,46.69,Actions.coasting
117,22.719872,46.3,Actions.coasting
118,22.73268,45.92,Actions.coasting
119,22.745382,45.54,Actions.coasting
120,22.757979,45.16,Actions.coasting
121,22.77047,44.78,Actions.coasting
122,22.782855,44.4,Actions.coasting
123,22.795136,44.02,Actions.coasting
124,22.807312,43.65,Actions.coasting
125,22.819384,43.27,Actions.coasting
126,22.831352,42.9,Actions.coasting
127,22.843215,42.53,Actions.coasting
128,22.854976,42.15,Actions.coasting
129,22.866633,41.78,Actions.coasting
130,22.878187,41.41,Actions.coasting
131,22.889638,41.04,Actions.coasting
132,22.900987,40.67,Actions.coasting
133,22.912234,40.31,Actions.coasting
134,22.923379,39.94,Actions.coasting
135,22.934422,39.57,Actions.coasting
136,22.945364,39.21,Actions.coasting
137,22.956205,38.85,Actions.coasting
138,22.966944,38.48,Actions.coasting
139,22.977583,38.12,Actions.coasting
140,22.988122,37.76,Actions.coasting
141,22.998561,37.4,Actions.coasting
142,23.008899,37.04,Actions.coasting
143,23.019138,36.68,Actions.coasting
144,23.029278,36.33,Actions.coasting
145,23.039318,35.97,Actions.coasting
146,23.049259,35.61,Actions.coasting
147,23.059102,35.26,Actions.coasting
148,23.068846,34.9,Actions.coasting
149,23.078492,34.55,Actions.coasting
150,23.08804,34.2,Actions.coasting
151,23.09749,33.85,Actions.coasting
152,23.106834,33.42,Actions.coasting
153,23.116052,32.96,Actions.coasting
154,23.125142,32.5,Actions.coasting
155,23.134105,32.04,Actions.coasting
156,23.142941,31.58,Actions.coasting
157,23.151651,31.13,Actions.coasting
158,23.160234,30.68,Actions.coasting
159,23.168691,30.22,Actions.coasting
160,23.177023,29.77,Actions.coasting
161,23.185229,29.32,Actions.coasting
162,23.19331,28.87,Actions.coasting
163,23.201265,28.42,Actions.coasting
164,23.209097,27.97,Actions.coasting
165,23.216803,27.52,Actions.coasting
166,23.224385,27.08,Actions.coasting
167,23.231844,26.63,Actions.coasting
168,23.239178,26.18,Actions.coasting
169,23.24639,25.74,Actions.coasting
170,23.253478,25.3,Actions.coasting
171,23.260442,24.85,Actions.coasting
172,23.266975,22.06,Actions.deceleration
173,23.272692,19.13,Actions.deceleration
174,23.277595,16.2,Actions.deceleration
175,23.281685,13.28,Actions.deceleration
176,23.284962,10.35,Actions.deceleration
177,23.287429,7.44,Actions.deceleration
178,23.289086,4.52,Actions.deceleration
179,23.289933,1.61,Actions.deceleration
180,23.29,0,Actions.deceleration
181,23.29,0,Actions.deceleration
182,23.29,0,Actions.deceleration
183,23.29,0,Actions.deceleration
184,23.29,0,Actions.deceleration
185,23.29,0,Actions.deceleration
186,23.29,0,Actions.deceleration
187,23.29,0,Actions.deceleration
188,23.29,0,Actions.deceleration
189,23.29,0,Actions.deceleration
190,23.29,0,Actions.deceleration
191,23.29,0,Actions.deceleration
192,23.29,0,Actions.deceleration
193,23.29,0,Actions.deceleration
194,23.29,0,Actions.deceleration
195,23.29,0,Actions.deceleration
196,23.29,0,Actions.deceleration
197,23.29,0,Actions.deceleration
198,23.29,0,Actions.deceleration
199,23.29,0,Actions.deceleration
200,23.29,0,Actions.deceleration
201,23.29,0,Actions.deceleration
202,23.29,0,Actions.deceleration
203,23.29,0,Actions.deceleration
204,23.29,0,Actions.deceleration
205,23.29,0,Actions.deceleration
206,23.29,0,Actions.deceleration
207,23.29,0,Actions.deceleration
208,23.29,0,Actions.deceleration
209,23.29,0,Actions.deceleration
210,23.290074,1.21,Actions.acceleration
211,23.290795,3.93,Actions.acceleration
212,23.29225,6.5,Actions.acceleration
213,23.294401,8.94,Actions.acceleration
214,23.29721,11.25,Actions.acceleration
215,23.300644,13.43,Actions.acceleration
216,23.304657,15.43,Actions.acceleration
217,23.30921,17.32,Actions.acceleration
218,23.314275,19.12,Actions.acceleration
219,23.319825,20.82,Actions.acceleration
220,23.325835,22.43,Actions.acceleration
221,23.332281,23.95,Actions.acceleration
222,23.339138,25.4,Actions.acceleration
223,23.346387,26.76,Actions.acceleration
224,23.354004,28.06,Actions.acceleration
225,23.361973,29.29,Actions.acceleration
226,23.370272,30.45,Actions.acceleration
227,23.378886,31.55,Actions.acceleration
228,23.387796,32.59,Actions.acceleration
229,23.396988,33.57,Actions.acceleration
230,23.406447,34.51,Actions.acceleration
231,23.416157,35.39,Actions.acceleration
232,23.426107,36.23,Actions.acceleration
233,23.436282,37.02,Actions.acceleration
234,23.446671,37.77,Actions.acceleration
235,23.457263,38.48,Actions.acceleration
236,23.468046,39.15,Actions.acceleration
237,23.47901,39.78,Actions.acceleration
238,23.490146,40.38,Actions.acceleration
239,23.501445,40.95,Actions.acceleration
240,23.512897,41.49,Actions.acceleration
241,23.524495,42.0,Actions.acceleration
242,23.536231,42.49,Actions.acceleration
243,23.548103,42.98,Actions.acceleration
244,23.560108,43.45,Actions.acceleration
245,23.572244,43.92,Actions.acceleration
246,23.584504,44.35,Actions.acceleration
247,23.596882,44.77,Actions.acceleration
248,23.609378,45.19,Actions.acceleration
249,23.621989,45.6,Actions.acceleration
250,23.634713,46.01,Actions.acceleration
251,23.647548,46.4,Actions.acceleration
252,23.660493,46.79,Actions.acceleration
253,23.673545,47.18,Actions.acceleration
254,23.686702,47.55,Actions.acceleration
255,23.699964,47.92,Actions.acceleration
256,23.713328,48.29,Actions.acceleration
257,23.726792,48.65,Actions.acceleration
258,23.740355,49.0,Actions.acceleration
259,23.754014,49.35,Actions.acceleration
260,23.76777,49.69,Actions.acceleration
261,23.781622,50.05,Actions.acceleration
262,23.795573,50.4,Actions.acceleration
263,23.809623,50.75,Actions.acceleration
264,23.82377,51.1,Actions.acceleration
265,23.838011,51.44,Actions.acceleration
266,23.852346,51.77,Actions.acceleration
267,23.866772,52.1,Actions.acceleration
268,23.881289,52.42,Actions.acceleration
269,23.895894,52.74,Actions.acceleration
270,23.910587,53.05,Actions.acceleration
271,23.925365,53.35,Actions.acceleration
272,23.940227,53.65,Actions.acceleration
273,23.955172,53.95,Actions.acceleration
274,23.970198,54.24,Actions.acceleration
275,23.985305,54.52,Actions.acceleration
276,24.000489,54.8,Actions.acceleration
277,24.015751,55.08,Actions.acceleration
278,24.031089,55.35,Actions.acceleration
279,24.046502,55.62,Actions.acceleration
280,24.061988,55.88,Actions.acceleration
281,24.077545,56.14,Actions.acceleration
282,24.093174,56.39,Actions.acceleration
283,24.108872,56.64,Actions.acceleration
284,24.124639,56.88,Actions.acceleration
285,24.140473,57.12,Actions.acceleration
286,24.156373,57.36,Actions.acceleration
287,24.172338,57.59,Actions.acceleration
288,24.188366,57.82,Actions.acceleration
289,24.204457,58.04,Actions.acceleration
290,24.22061,58.26,Actions.acceleration
291,24.236824,58.47,Actions.acceleration
292,24.253097,58.69,Actions.acceleration
293,24.269428,58.9,Actions.acceleration
294,24.285817,59.1,Actions.acceleration
295,24.302263,59.37,Actions.acceleration
296,24.318849,60.04,Actions.acceleration
297,24.33562,60.71,Actions.acceleration
298,24.352575,61.36,Actions.acceleration
299,24.369709,62.0,Actions.acceleration
300,24.386907,61.81,Actions.coasting
301,24.404047,61.6,Actions.coasting
302,24.421131,61.4,Actions.coasting
303,24.438166,61.24,Actions.coasting
304,24.455149,61.04,Actions.coasting
305,24.472046,60.13,Actions.deceleration
306,24.488379,57.5,Actions.deceleration
307,24.503984,54.88,Actions.deceleration
308,24.518864,52.28,Actions.deceleration
309,24.53302,49.67,Actions.deceleration
310,24.546454,47.08,Actions.deceleration
311,24.55917,44.5,Actions.deceleration
312,24.571168,41.92,Actions.deceleration
313,24.582451,39.35,Actions.deceleration
314,24.593021,36.78,Actions.deceleration
315,24.602879,34.22,Actions.deceleration
316,24.612028,31.67,Actions.deceleration
317,24.620468,29.12,Actions.deceleration
318,24.6282,26.58,Actions.deceleration
319,24.635228,24.04,Actions.deceleration
320,24.641551,21.51,Actions.deceleration
321,24.647172,18.98,Actions.deceleration
322,24.652091,16.46,Actions.deceleration
323,24.656309,13.94,Actions.deceleration
324,24.659828,11.42,Actions.deceleration
325,24.662648,8.91,Actions.deceleration
326,24.66477,6.4,Actions.deceleration
327,24.666195,3.89,Actions.deceleration
328,24.666924,1.38,Actions.deceleration
329,24.667,0,Actions.deceleration
330,24.667,0,Actions.deceleration
331,24.667,0,Actions.deceleration
332,24.667,0,Actions.deceleration
333,24.667,0,Actions.deceleration
334,24.667,0,Actions.deceleration
335,24.667,0,Actions.deceleration
336,24.667,0,Actions.deceleration
337,24.667,0,Actions.deceleration
338,24.667,0,Actions.deceleration
339,24.667,0,Actions.deceleration
340,24.667,0,Actions.deceleration
341,24.667,0,Actions.deceleration
342,24.667,0,Actions.deceleration
343,24.667,0,Actions.deceleration
344,24.667,0,Actions.deceleration
345,24.667,0,Actions.deceleration
346,24.667,0,Actions.deceleration
347,24.667,0,Actions.deceleration
348,24.667,0,Actions.deceleration
349,24.667,0,Actions.deceleration
350,24.667,0,Actions.deceleration
351,24.667,0,Actions.deceleration
352,24.667,0,Actions.deceleration
353,24.667,0,Actions.deceleration
354,24.667,0,Actions.deceleration
355,24.667,0,Actions.deceleration
356,24.667,0,Actions.deceleration
357,24.667,0,Actions.deceleration
358,24.667,0,Actions.deceleration
359,24.667,0,Actions.deceleration
360,24.667,0,Actions.deceleration
361,24.667,0,Actions.deceleration
362,24.667,0,Actions.deceleration
363,24.667,0,Actions.deceleration
364,24.667,0,Actions.deceleration
365,24.667,0,Actions.deceleration
366,24.667,0,Actions.deceleration
367,24.667,0,Actions.deceleration
368,24.667,0,Actions.deceleration
369,24.667,0,Actions.deceleration
370,24.667,0,Actions.deceleration
371,24.667,0,Actions.deceleration
372,24.667,0,Actions.deceleration
373,24.667,0,Actions.deceleration
374,24.667,0,Actions.deceleration
375,24.667,0,Actions.deceleration
376,24.667,0,Actions.deceleration
377,24.667,0,Actions.deceleration
378,24.667,0,Actions.deceleration
379,24.667,0,Actions.deceleration
380,24.667,0,Actions.deceleration
381,24.667,0,Actions.deceleration
382,24.667,0,Actions.deceleration
383,24.667,0,Actions.deceleration
384,24.667,0,Actions.deceleration
385,24.667,0,Actions.deceleration
386,24.667,0,Actions.deceleration
387,24.667,0,Actions.deceleration
388,24.667,0,Actions.deceleration
389,24.667,0,Actions.deceleration
390,24.667,0,Actions.deceleration
391,24.667,0,Actions.deceleration
392,24.667,0,Actions.deceleration
393,24.667,0,Actions.deceleration
394,24.667,0,Actions.deceleration
395,24.667,0,Actions.deceleration
396,24.667,0,Actions.deceleration
397,24.667,0,Actions.deceleration
398,24.667,0,Actions.deceleration
399,24.667,0,Actions.deceleration
400,24.667,0,Actions.deceleration
401,24.667,0,Actions.deceleration
402,24.667,0,Actions.deceleration
403,24.667,0,Actions.deceleration
404,24.667,0,Actions.deceleration
405,24.667,0,Actions.deceleration
406,24.667,0,Actions.deceleration
407,24.667,0,Actions.deceleration
408,24.667,0,Actions.deceleration
409,24.667,0,Actions.deceleration
410,24.667,0,Actions.deceleration
411,24.667,0,Actions.deceleration
412,24.667,0,Actions.deceleration
413,24.667,0,Actions.deceleration
414,24.667,0,Actions.deceleration
415,24.667,0,Actions.deceleration
416,24.667,0,Actions.deceleration
417,24.667,0,Actions.deceleration
418,24.667,0,Actions.deceleration
419,24.667,0,Actions.deceleration
420,24.667,0,Actions.deceleration
421,24.667,0,Actions.deceleration
422,24.667,0,Actions.deceleration
423,24.667,0,Actions.deceleration
424,24.667,0,Actions.deceleration
425,24.667,0,Actions.deceleration
426,24.667,0,Actions.deceleration
427,24.667,0,Actions.deceleration
428,24.667,0,Actions.deceleration
429,24.667,0,Actions.deceleration
430,24.667,0,Actions.deceleration
431,24.667,0,Actions.deceleration
432,24.667,0,Actions.deceleration
433,24.667,0,Actions.deceleration
434,24.667,0,Actions.deceleration
435,24.667,0,Actions.deceleration
436,24.667,0,Actions.deceleration
437,24.667,0,Actions.deceleration
438,24.667,0,Actions.deceleration
439,24.667,0,Actions.deceleration
440,24.667,0,Actions.deceleration
441,24.667,0,Actions.deceleration
442,24.667,0,Actions.deceleration
443,24.667,0,Actions.deceleration
444,24.667,0,Actions.deceleration
445,24.667,0,Actions.deceleration
446,24.667,0,Actions.deceleration
447,24.667,0,Actions.deceleration
448,24.667,0,Actions.deceleration
449,24.667085,1.38,Actions.acceleration
450,24.667908,4.49,Actions.acceleration
451,24.66957,7.42,Actions.acceleration
452,24.672027,10.21,Actions.acceleration
453,24.675236,12.85,Actions.acceleration
454,24.679159,15.35,Actions.acceleration
455,24.683758,17.72,Actions.acceleration
456,24.688998,19.96,Actions.acceleration
457,24.694844,22.09,Actions.acceleration
458,24.701265,24.1,Actions.acceleration
459,24.708231,26.01,Actions.acceleration
460,24.715711,27.82,Actions.acceleration
461,24.72368,29.53,Actions.acceleration
462,24.732111,31.14,Actions.acceleration
463,24.740968,32.6,Actions.acceleration
464,24.750221,33.99,Actions.acceleration
465,24.759848,35.3,Actions.acceleration
466,24.76983,36.54,Actions.acceleration
467,24.780148,37.72,Actions.acceleration
468,24.790784,38.83,Actions.acceleration
469,24.80172,39.89,Actions.acceleration
470,24.812942,40.9,Actions.acceleration
471,24.824447,41.91,Actions.acceleration
472,24.836227,42.89,Actions.acceleration
473,24.848274,43.84,Actions.acceleration
474,24.860586,44.78,Actions.acceleration
475,24.873156,45.71,Actions.acceleration
476,24.88598,46.62,Actions.acceleration
477,24.899055,47.51,Actions.acceleration
478,24.912377,48.39,Actions.acceleration
479,24.925933,49.21,Actions.acceleration
480,24.939715,50.01,Actions.acceleration
481,24.953718,50.8,Actions.acceleration
482,24.967939,51.58,Actions.acceleration
483,24.982373,52.34,Actions.acceleration
484,24.997018,53.09,Actions.acceleration
485,25.011869,53.83,Actions.acceleration
486,25.026923,54.55,Actions.acceleration
487,25.042177,55.27,Actions.acceleration
488,25.057627,55.97,Actions.acceleration
489,25.07327,56.65,Actions.acceleration
490,25.089103,57.33,Actions.acceleration
491,25.105121,58.0,Actions.acceleration
492,25.121323,58.65,Actions.acceleration
493,25.137704,59.29,Actions.acceleration
494,25.154263,59.92,Actions.acceleration
495,25.170995,60.56,Actions.acceleration
496,25.187909,61.21,Actions.acceleration
497,25.205006,61.93,Actions.acceleration
498,25.222246,62.13,Actions.coasting
499,25.239524,62.27,Actions.coasting
500,25.256839,62.4,Actions.coasting
501,25.274191,62.53,Actions.coasting
502,25.291581,62.67,Actions.coasting
503,25.309007,62.8,Actions.coasting
504,25.32647,62.93,Actions.coasting
505,25.34397,63.06,Actions.coasting
506,25.361507,63.2,Actions.coasting
507,25.37908,63.33,Actions.coasting
508,25.396689,63.46,Actions.coasting
509,25.414334,63.59,Actions.coasting
510,25.432016,63.72,Actions.coasting
511,25.449733,63.85,Actions.coasting
512,25.467486,63.98,Actions.coasting
513,25.485275,64.1,Actions.coasting
514,25.5031,64.25,Actions.coasting
515,25.520976,64.46,Actions.coasting
516,25.538912,64.68,Actions.coasting
517,25.556908,64.89,Actions.coasting
518,25.574963,65.1,Actions.coasting
519,25.593076,65.31,Actions.coasting
520,25.611249,65.53,Actions.coasting
521,25.62948,65.74,Actions.coasting
522,25.64777,65.95,Actions.coasting
523,25.666117,66.16,Actions.coasting
524,25.684523,66.36,Actions.coasting
525,25.702987,66.57,Actions.coasting
526,25.721508,66.78,Actions.coasting
527,25.740086,66.98,Actions.coasting
528,25.758721,67.19,Actions.coasting
529,25.777414,67.39,Actions.coasting
530,25.796163,67.6,Actions.coasting
531,25.814968,67.8,Actions.coasting
532,25.83383,68.0,Actions.coasting
533,25.852748,68.2,Actions.coasting
534,25.871721,68.4,Actions.coasting
535,25.890751,68.6,Actions.coasting
536,25.909835,68.8,Actions.coasting
537,25.928975,69.0,Actions.coasting
538,25.94817,69.19,Actions.coasting
539,25.967407,69.31,Actions.coasting
540,25.986678,69.44,Actions.coasting
541,26.005985,69.57,Actions.coasting
542,26.025327,69.69,Actions.coasting
543,26.044703,69.82,Actions.coasting
544,26.064113,69.94,Actions.coasting
545,26.083559,70.06,Actions.coasting
546,26.103038,70.19,Actions.coasting
547,26.122551,70.31,Actions.coasting
548,26.142099,70.43,Actions.coasting
549,26.16168,70.55,Actions.coasting
550,26.181296,70.67,Actions.coasting
551,26.200944,70.8,Actions.coasting
552,26.220627,70.92,Actions.coasting
553,26.240344,71.06,Actions.coasting
554,26.26011,71.25,Actions.coasting
555,26.279928,71.44,Actions.coasting
556,26.299799,71.63,Actions.coasting
557,26.319722,71.82,Actions.coasting
558,26.339697,72.0,Actions.coasting
559,26.359724,72.19,Actions.coasting
560,26.379802,72.37,Actions.coasting
561,26.399932,72.56,Actions.coasting
562,26.420109,72.7,Actions.coasting
563,26.440319,72.81,Actions.coasting
564,26.460559,72.92,Actions.coasting
565,26.480831,73.03,Actions.coasting
566,26.501134,73.15,Actions.coasting
567,26.521468,73.26,Actions.coasting
568,26.541833,73.37,Actions.coasting
569,26.562228,73.48,Actions.coasting
570,26.582654,73.59,Actions.coasting
571,26.603111,73.7,Actions.coasting
572,26.623597,73.81,Actions.coasting
573,26.644114,73.91,Actions.coasting
574,26.664661,74.02,Actions.coasting
575,26.685238,74.13,Actions.coasting
576,26.705844,74.24,Actions.coasting
577,26.726481,74.34,Actions.coasting
578,26.747147,74.45,Actions.coasting
579,26.767842,74.56,Actions.coasting
580,26.788567,74.66,Actions.coasting
581,26.809309,74.59,Actions.coasting
582,26.82999,74.32,Actions.coasting
583,26.850598,74.06,Actions.coasting
584,26.871133,73.8,Actions.coasting
585,26.891595,73.53,Actions.coasting
586,26.911985,73.27,Actions.coasting
587,26.932303,73.02,Actions.coasting
588,26.952549,72.76,Actions.coasting
589,26.972723,72.5,Actions.coasting
590,26.992826,72.24,Actions.coasting
591,27.012858,71.99,Actions.coasting
592,27.032819,71.74,Actions.coasting
593,27.05271,71.48,Actions.coasting
594,27.072531,71.23,Actions.coasting
595,27.092282,70.98,Actions.coasting
596,27.111981,70.94,Actions.coasting
597,27.131701,71.04,Actions.coasting
598,27.151449,71.14,Actions.coasting
599,27.171226,71.25,Actions.coasting
600,27.19103,71.35,Actions.coasting
601,27.210841,71.16,Actions.coasting
602,27.230548,70.73,Actions.coasting
603,27.250137,70.31,Actions.coasting
604,27.269608,69.89,Actions.coasting
605,27.288961,69.46,Actions.coasting
606,27.308198,69.04,Actions.coasting
607,27.327318,68.62,Actions.coasting
608,27.346321,68.21,Actions.coasting
609,27.36521,67.79,Actions.coasting
610,27.383983,67.38,Actions.coasting
611,27.402641,66.97,Actions.coasting
612,27.421184,66.55,Actions.coasting
613,27.439614,66.14,Actions.coasting
614,27.457931,65.74,Actions.coasting
615,27.476134,65.33,Actions.coasting
616,27.494224,64.93,Actions.coasting
617,27.512202,64.52,Actions.coasting
618,27.530069,64.12,Actions.coasting
619,27.547824,63.72,Actions.coasting
620,27.565467,63.32,Actions.coasting
621,27.583,62.92,Actions.coasting
622,27.600423,62.53,Actions.coasting
623,27.617736,62.13,Actions.coasting
624,27.63494,61.74,Actions.coasting
625,27.652034,61.35,Actions.coasting
626,27.669019,60.95,Actions.coasting
627,27.685896,60.56,Actions.coasting
628,27.702666,60.19,Actions.coasting
629,27.719348,59.92,Actions.coasting
630,27.735954,59.65,Actions.coasting
631,27.752484,59.37,Actions.coasting
632,27.768939,59.1,Actions.coasting
633,27.785359,59.31,Actions.acceleration
634,27.801901,59.79,Actions.acceleration
635,27.818578,60.27,Actions.acceleration
636,27.835386,60.74,Actions.acceleration
637,27.852324,61.21,Actions.acceleration
638,27.869395,61.69,Actions.acceleration
639,27.886584,61.9,Actions.coasting
640,27.903736,61.6,Actions.coasting
641,27.920803,61.29,Actions.coasting
642,27.937785,60.98,Actions.coasting
643,27.954682,60.68,Actions.coasting
644,27.971494,60.37,Actions.coasting
645,27.988222,60.07,Actions.coasting
646,28.004866,59.77,Actions.coasting
647,28.021427,59.47,Actions.coasting
648,28.037903,59.17,Actions.coasting
649,28.054318,59.21,Actions.acceleration
650,28.070836,59.72,Actions.acceleration
651,28.087495,60.22,Actions.acceleration
652,28.10429,60.71,Actions.acceleration
653,28.121221,61.19,Actions.acceleration
654,28.138284,61.66,Actions.acceleration
655,28.155469,61.92,Actions.coasting
656,28.172625,61.61,Actions.coasting
657,28.189696,61.3,Actions.coasting
658,28.206692,61.19,Actions.coasting
659,28.223718,61.39,Actions.coasting
660,28.240798,61.59,Actions.coasting
661,28.257933,61.78,Actions.coasting
662,28.275123,61.98,Actions.coasting
663,28.292367,62.17,Actions.coasting
664,28.309665,62.37,Actions.coasting
665,28.327017,62.56,Actions.coasting
666,28.344422,62.76,Actions.coasting
667,28.361881,62.95,Actions.coasting
668,28.379394,63.14,Actions.coasting
669,28.39696,63.33,Actions.coasting
670,28.414578,63.52,Actions.coasting
671,28.43225,63.71,Actions.coasting
672,28.449974,63.9,Actions.coasting
673,28.46775,64.09,Actions.coasting
674,28.485579,64.28,Actions.coasting
675,28.503457,64.38,Actions.coasting
676,28.521304,64.13,Actions.coasting
677,28.539082,63.87,Actions.coasting
678,28.556791,63.64,Actions.coasting
679,28.574437,63.42,Actions.coasting
680,28.592023,63.2,Actions.coasting
681,28.609546,62.98,Actions.coasting
682,28.627008,62.75,Actions.coasting
683,28.644409,62.54,Actions.coasting
684,28.661749,62.32,Actions.coasting
685,28.679029,62.1,Actions.coasting
686,28.696248,61.88,Actions.coasting
687,28.713406,61.66,Actions.coasting
688,28.730505,61.45,Actions.coasting
689,28.747544,61.23,Actions.coasting
690,28.764523,61.02,Actions.coasting
691,28.781442,60.81,Actions.coasting
692,28.798303,60.59,Actions.coasting
693,28.815104,60.38,Actions.coasting
694,28.831847,60.17,Actions.coasting
695,28.848531,59.96,Actions.coasting
696,28.865156,59.75,Actions.coasting
697,28.881724,59.54,Actions.coasting
698,28.898233,59.33,Actions.coasting
699,28.914684,59.12,Actions.coasting
700,28.931096,59.24,Actions.acceleration
701,28.947636,59.84,Actions.acceleration
702,28.96434,60.43,Actions.acceleration
703,28.981206,61.0,Actions.acceleration
704,28.998231,61.57,Actions.acceleration
705,29.015407,61.96,Actions.coasting
706,29.032587,61.74,Actions.coasting
707,29.049706,61.52,Actions.coasting
708,29.066766,61.31,Actions.coasting
709,29.083766,61.09,Actions.coasting
710,29.100707,60.88,Actions.coasting
711,29.117588,60.67,Actions.coasting
712,29.13441,60.45,Actions.coasting
713,29.151174,60.24,Actions.coasting
714,29.167878,60.03,Actions.coasting
715,29.184524,59.82,Actions.coasting
716,29.201112,59.61,Actions.coasting
717,29.217642,59.4,Actions.coasting
718,29.234113,59.2,Actions.coasting
719,29.250528,59.02,Actions.acceleration
720,29.267007,59.62,Actions.acceleration
721,29.283652,60.21,Actions.acceleration
722,29.300459,60.79,Actions.acceleration
723,29.317427,61.36,Actions.acceleration
724,29.334552,61.93,Actions.acceleration
725,29.351751,61.82,Actions.coasting
726,29.368892,61.6,Actions.coasting
727,29.385973,61.38,Actions.coasting
728,29.402994,61.17,Actions.coasting
729,29.419956,60.96,Actions.coasting
730,29.436858,60.74,Actions.coasting
731,29.453701,60.53,Actions.coasting
732,29.470485,60.32,Actions.coasting
733,29.48721,60.11,Actions.coasting
734,29.503877,59.9,Actions.coasting
735,29.520485,59.69,Actions.coasting
736,29.537036,59.48,Actions.coasting
737,29.553528,59.27,Actions.coasting
738,29.569962,59.06,Actions.coasting
739,29.586393,59.41,Actions.acceleration
740,29.602981,60.01,Actions.acceleration
741,29.619732,60.59,Actions.acceleration
742,29.636644,61.17,Actions.acceleration
743,29.653714,61.73,Actions.acceleration
744,29.670912,61.89,Actions.coasting
745,29.688074,61.68,Actions.coasting
746,29.705176,61.46,Actions.coasting
747,29.722218,61.25,Actions.coasting
748,29.739201,61.03,Actions.coasting
749,29.756124,60.82,Actions.coasting
750,29.772988,60.6,Actions.coasting
751,29.789793,60.39,Actions.coasting
752,29.806539,60.18,Actions.coasting
753,29.823226,59.97,Actions.coasting
754,29.839855,59.76,Actions.coasting
755,29.856414,59.46,Actions.coasting
756,29.872889,59.16,Actions.coasting
757,29.889304,59.23,Actions.acceleration
758,29.905827,59.73,Actions.acceleration
759,29.922488,60.23,Actions.acceleration
760,29.939286,60.71,Actions.acceleration
761,29.956219,61.19,Actions.acceleration
762,29.973283,61.66,Actions.acceleration
763,29.990469,61.92,Actions.coasting
764,30.007624,61.61,Actions.coasting
765,30.024694,61.3,Actions.coasting
766,30.041677,60.99,Actions.coasting
767,30.058576,60.68,Actions.coasting
768,30.075389,60.37,Actions.coasting
769,30.092117,60.07,Actions.coasting
770,30.10876,59.77,Actions.coasting
771,30.125319,59.46,Actions.coasting
772,30.141794,59.16,Actions.coasting
773,30.158208,59.22,Actions.acceleration
774,30.17473,59.73,Actions.acceleration
775,30.191391,60.22,Actions.acceleration
776,30.208189,60.71,Actions.acceleration
777,30.225121,61.19,Actions.acceleration
778,30.242185,61.66,Actions.acceleration
779,30.25937,61.92,Actions.coasting
780,30.276525,61.61,Actions.coasting
781,30.293594,61.3,Actions.coasting
782,30.310585,61.06,Actions.coasting
783,30.327515,60.84,Actions.coasting
784,30.344386,60.63,Actions.coasting
785,30.361198,60.42,Actions.coasting
786,30.377951,60.21,Actions.coasting
787,30.394645,60.0,Actions.coasting
788,30.411281,59.79,Actions.coasting
789,30.427859,59.58,Actions.coasting
790,30.444379,59.37,Actions.coasting
791,30.46084,59.16,Actions.coasting
792,30.47725,59.13,Actions.acceleration
793,30.49376,59.73,Actions.acceleration
794,30.510434,60.32,Actions.acceleration
795,30.527271,60.9,Actions.acceleration
796,30.544268,61.47,Actions.acceleration
797,30.561421,62.0,Actions.coasting
798,30.578611,61.78,Actions.coasting
799,30.595742,61.56,Actions.coasting
800,30.612812,61.35,Actions.coasting
801,30.629823,61.13,Actions.coasting
802,30.646774,60.92,Actions.coasting
803,30.663666,60.71,Actions.coasting
804,30.680499,60.49,Actions.coasting
805,30.697272,60.28,Actions.coasting
806,30.713987,60.07,Actions.coasting
807,30.730644,59.86,Actions.coasting
808,30.747242,59.65,Actions.coasting
809,30.763782,59.44,Actions.coasting
810,30.780264,59.23,Actions.coasting
811,30.796689,59.03,Actions.coasting
812,30.81314,59.51,Actions.acceleration
813,30.829755,60.11,Actions.acceleration
814,30.846533,60.69,Actions.acceleration
815,30.863472,61.26,Actions.acceleration
816,30.880569,61.83,Actions.acceleration
817,30.89777,61.86,Actions.coasting
818,30.914922,61.64,Actions.coasting
819,30.932014,61.42,Actions.coasting
820,30.949045,61.21,Actions.coasting
821,30.966018,60.99,Actions.coasting
822,30.98293,60.78,Actions.coasting
823,30.999784,60.57,Actions.coasting
824,31.016579,60.36,Actions.coasting
825,31.033314,60.14,Actions.coasting
826,31.049992,59.93,Actions.coasting
827,31.06661,59.72,Actions.coasting
828,31.083171,59.51,Actions.coasting
829,31.099673,59.31,Actions.coasting
830,31.116118,59.1,Actions.coasting
831,31.132535,59.31,Actions.acceleration
832,31.149093,59.9,Actions.acceleration
833,31.165815,60.49,Actions.acceleration
834,31.182698,61.06,Actions.acceleration
835,31.19974,61.63,Actions.acceleration
836,31.216926,61.93,Actions.coasting
837,31.234099,61.72,Actions.coasting
838,31.251211,61.5,Actions.coasting
839,31.268264,61.28,Actions.coasting
840,31.285258,61.07,Actions.coasting
841,31.302191,60.86,Actions.coasting
842,31.319066,60.64,Actions.coasting
843,31.335881,60.43,Actions.coasting
844,31.352638,60.22,Actions.coasting
845,31.369336,60.01,Actions.coasting
846,31.385975,59.8,Actions.coasting
847,31.402556,59.59,Actions.coasting
848,31.419079,59.38,Actions.coasting
849,31.435544,59.17,Actions.coasting
850,31.451955,59.09,Actions.acceleration
851,31.468454,59.69,Actions.acceleration
852,31.485119,60.28,Actions.acceleration
853,31.501946,60.86,Actions.acceleration
854,31.518933,61.43,Actions.acceleration
855,31.536077,61.99,Actions.acceleration
856,31.553271,61.79,Actions.coasting
857,31.570405,61.58,Actions.coasting
858,31.587479,61.36,Actions.coasting
859,31.604494,61.15,Actions.coasting
860,31.621448,60.93,Actions.coasting
861,31.638344,60.72,Actions.coasting
862,31.65518,60.51,Actions.coasting
863,31.671957,60.29,Actions.coasting
864,31.688676,60.08,Actions.coasting
865,31.705336,59.87,Actions.coasting
866,31.721937,59.66,Actions.coasting
867,31.738481,59.45,Actions.coasting
868,31.754966,59.24,Actions.coasting
869,31.771394,59.04,Actions.coasting
870,31.787837,59.48,Actions.acceleration
871,31.804443,60.07,Actions.acceleration
872,31.821211,60.66,Actions.acceleration
873,31.838141,61.23,Actions.acceleration
874,31.855228,61.79,Actions.acceleration
875,31.872428,61.87,Actions.coasting
876,31.889584,61.65,Actions.coasting
877,31.906679,61.44,Actions.coasting
878,31.923714,61.22,Actions.coasting
879,31.94069,61.01,Actions.coasting
880,31.957606,60.79,Actions.coasting
881,31.974463,60.58,Actions.coasting
882,31.991261,60.37,Actions.coasting
883,32.008001,60.16,Actions.coasting
884,32.024681,59.95,Actions.coasting
885,32.041304,59.74,Actions.coasting
886,32.057868,59.53,Actions.coasting
887,32.074374,59.32,Actions.coasting
888,32.090822,59.11,Actions.coasting
889,32.107236,59.27,Actions.acceleration
890,32.123783,59.87,Actions.acceleration
891,32.140495,60.45,Actions.acceleration
892,32.157369,61.03,Actions.acceleration
893,32.174401,61.6,Actions.acceleration
894,32.191582,61.95,Actions.coasting
895,32.208758,61.73,Actions.coasting
896,32.225875,61.51,Actions.coasting
897,32.242931,61.3,Actions.coasting
898,32.259928,61.08,Actions.coasting
899,32.276865,60.87,Actions.coasting
900,32.293743,60.66,Actions.coasting
901,32.310562,60.44,Actions.coasting
902,32.327322,60.23,Actions.coasting
903,32.344024,60.02,Actions.coasting
904,32.360666,59.81,Actions.coasting
905,32.377251,59.6,Actions.coasting
906,32.393777,59.39,Actions.coasting
907,32.410246,59.18,Actions.coasting
908,32.426658,59.06,Actions.acceleration
909,32.443148,59.66,Actions.acceleration
910,32.459803,60.25,Actions.acceleration
911,32.47662,60.83,Actions.acceleration
912,32.493598,61.4,Actions.acceleration
913,32.510732,61.96,Actions.acceleration
914,32.527929,61.8,Actions.coasting
915,32.545067,61.59,Actions.coasting
916,32.562144,61.37,Actions.coasting
917,32.579162,61.16,Actions.coasting
918,32.59612,60.94,Actions.coasting
919,32.613019,60.73,Actions.coasting
920,32.629859,60.52,Actions.coasting
921,32.64664,60.31,Actions.coasting
922,32.663362,60.09,Actions.coasting
923,32.680025,59.88,Actions.coasting
924,32.69663,59.67,Actions.coasting
925,32.713177,59.47,Actions.coasting
926,32.729666,59.26,Actions.coasting
927,32.746098,59.05,Actions.coasting
928,32.762535,59.45,Actions.acceleration
929,32.779133,60.04,Actions.acceleration
930,32.795894,60.63,Actions.acceleration
931,32.812816,61.2,Actions.acceleration
932,32.829896,61.77,Actions.acceleration
933,32.847095,61.88,Actions.coasting
934,32.864254,61.66,Actions.coasting
935,32.881353,61.45,Actions.coasting
936,32.898392,61.23,Actions.coasting
937,32.915371,61.02,Actions.coasting
938,32.932291,60.81,Actions.coasting
939,32.949151,60.59,Actions.coasting
940,32.965953,60.38,Actions.coasting
941,32.982696,60.17,Actions.coasting
942,32.99938,59.96,Actions.coasting
943,33.016005,59.75,Actions.coasting
944,33.032573,59.54,Actions.coasting
945,33.049082,59.33,Actions.coasting
946,33.065534,59.12,Actions.coasting
947,33.081945,59.23,Actions.acceleration
948,33.098483,59.83,Actions.acceleration
949,33.115185,60.42,Actions.acceleration
950,33.132049,61.0,Actions.acceleration
951,33.149072,61.56,Actions.acceleration
952,33.166246,61.96,Actions.coasting
953,33.183426,61.74,Actions.coasting
954,33.200546,61.52,Actions.coasting
955,33.217606,61.31,Actions.coasting
956,33.234606,61.09,Actions.coasting
957,33.251547,60.88,Actions.coasting
958,33.268428,60.67,Actions.coasting
959,33.285251,60.46,Actions.coasting
960,33.302014,60.24,Actions.coasting
961,33.318719,60.03,Actions.coasting
962,33.335365,59.82,Actions.coasting
963,33.351953,59.61,Actions.coasting
964,33.368483,59.4,Actions.coasting
965,33.384955,59.2,Actions.coasting
966,33.40137,59.02,Actions.acceleration
967,33.417849,59.62,Actions.acceleration
968,33.434494,60.21,Actions.acceleration
969,33.451302,60.79,Actions.acceleration
970,33.46827,61.37,Actions.acceleration
971,33.485395,61.93,Actions.acceleration
972,33.502594,61.82,Actions.coasting
973,33.519735,61.6,Actions.coasting
974,33.536816,61.39,Actions.coasting
975,33.553838,61.17,Actions.coasting
976,33.570799,60.96,Actions.coasting
977,33.587702,60.74,Actions.coasting
978,33.604545,60.53,Actions.coasting
979,33.621329,60.32,Actions.coasting
980,33.638055,60.11,Actions.coasting
981,33.654721,59.9,Actions.coasting
982,33.67133,59.69,Actions.coasting
983,33.68788,59.48,Actions.coasting
984,33.704373,59.27,Actions.coasting
985,33.720807,59.06,Actions.coasting
986,33.737239,59.41,Actions.acceleration
987,33.753826,60.01,Actions.acceleration
988,33.770578,60.59,Actions.acceleration
989,33.78749,61.17,Actions.acceleration
990,33.80456,61.73,Actions.acceleration
991,33.821758,61.89,Actions.coasting
992,33.83892,61.68,Actions.coasting
993,33.856022,61.46,Actions.coasting
994,33.873065,61.25,Actions.coasting
995,33.890047,61.03,Actions.coasting
996,33.906971,60.82,Actions.coasting
997,33.923835,60.61,Actions.coasting
998,33.94064,60.39,Actions.coasting
999,33.957386,60.18,Actions.coasting
1000,33.974073,59.97,Actions.coasting
1001,33.990702,59.76,Actions.coasting
1002,34.007273,59.55,Actions.coasting
1003,34.023786,59.34,Actions.coasting
1004,34.040241,59.13,Actions.coasting
1005,34.056651,59.2,Actions.acceleration
1006,34.073178,59.79,Actions.acceleration
1007,34.089871,60.38,Actions.acceleration
1008,34.106725,60.96,Actions.acceleration
1009,34.123738,61.53,Actions.acceleration
1010,34.140906,61.97,Actions.coasting
1011,34.158089,61.75,Actions.coasting
1012,34.175213,61.54,Actions.coasting
1013,34.192276,61.32,Actions.coasting
1014,34.20928,61.11,Actions.coasting
1015,34.226224,60.89,Actions.coasting
1016,34.243109,60.68,Actions.coasting
1017,34.259935,60.47,Actions.coasting
1018,34.276702,60.26,Actions.coasting
1019,34.29341,60.05,Actions.coasting
1020,34.31006,59.83,Actions.coasting
1021,34.326651,59.63,Actions.coasting
1022,34.343185,59.42,Actions.coasting
1023,34.35966,59.21,Actions.coasting
1024,34.376078,59.0,Actions.coasting
1025,34.392547,59.59,Actions.acceleration
1026,34.409182,60.18,Actions.acceleration
1027,34.42598,60.76,Actions.acceleration
1028,34.442938,61.33,Actions.acceleration
1029,34.460054,61.89,Actions.acceleration
1030,34.477255,61.83,Actions.coasting
1031,34.494399,61.61,Actions.coasting
1032,34.511484,61.4,Actions.coasting
1033,34.528509,61.18,Actions.coasting
1034,34.545474,60.97,Actions.coasting
1035,34.56238,60.76,Actions.coasting
1036,34.579227,60.54,Actions.coasting
1037,34.596015,60.33,Actions.coasting
1038,34.612743,60.12,Actions.coasting
1039,34.629414,59.91,Actions.coasting
1040,34.646026,59.7,Actions.coasting
1041,34.66258,59.49,Actions.coasting
1042,34.679075,59.28,Actions.coasting
1043,34.695513,59.07,Actions.coasting
1044,34.711939,59.38,Actions.acceleration
1045,34.728517,59.97,Actions.acceleration
1046,34.745258,60.56,Actions.acceleration
1047,34.762161,61.13,Actions.acceleration
1048,34.779222,61.7,Actions.acceleration
1049,34.796416,61.91,Actions.coasting
1050,34.813582,61.69,Actions.coasting
1051,34.830688,61.47,Actions.coasting
1052,34.847734,61.26,Actions.coasting
1053,34.86472,61.04,Actions.coasting
1054,34.881647,60.83,Actions.coasting
1055,34.898515,60.62,Actions.coasting
1056,34.915323,60.41,Actions.coasting
1057,34.932073,60.19,Actions.coasting
1058,34.948764,59.98,Actions.coasting
1059,34.965396,59.77,Actions.coasting
1060,34.98197,59.56,Actions.coasting
1061,34.998487,59.36,Actions.coasting
1062,35.014945,59.15,Actions.coasting
1063,35.031354,59.16,Actions.acceleration
1064,35.047872,59.76,Actions.acceleration
1065,35.064554,60.35,Actions.acceleration
1066,35.081399,60.93,Actions.acceleration
1067,35.098403,61.49,Actions.acceleration
1068,35.115562,61.98,Actions.coasting
1069,35.132749,61.77,Actions.coasting
1070,35.149876,61.55,Actions.coasting
1071,35.166943,61.33,Actions.coasting
1072,35.183951,61.12,Actions.coasting
1073,35.200899,60.91,Actions.coasting
1074,35.217787,60.69,Actions.coasting
1075,35.234616,60.48,Actions.coasting
1076,35.251387,60.27,Actions.coasting
1077,35.268099,60.06,Actions.coasting
1078,35.284752,59.85,Actions.coasting
1079,35.301347,59.64,Actions.coasting
1080,35.317883,59.43,Actions.coasting
1081,35.334362,59.22,Actions.coasting
1082,35.350783,59.01,Actions.coasting
1083,35.367243,59.55,Actions.acceleration
1084,35.383868,60.14,Actions.acceleration
1085,35.400657,60.73,Actions.acceleration
1086,35.417605,61.3,Actions.acceleration
1087,35.434711,61.86,Actions.acceleration
1088,35.451913,61.84,Actions.coasting
1089,35.469061,61.63,Actions.coasting
1090,35.486149,61.41,Actions.coasting
1091,35.503178,61.2,Actions.coasting
1092,35.520147,60.98,Actions.coasting
1093,35.537056,60.77,Actions.coasting
1094,35.553906,60.56,Actions.coasting
1095,35.570698,60.34,Actions.coasting
1096,35.58743,60.13,Actions.coasting
1097,35.604104,59.92,Actions.coasting
1098,35.620719,59.71,Actions.coasting
1099,35.637276,59.5,Actions.coasting
1100,35.653776,59.29,Actions.coasting
1101,35.670217,59.09,Actions.coasting
1102,35.686638,59.34,Actions.acceleration
1103,35.703206,59.94,Actions.acceleration
1104,35.719938,60.52,Actions.acceleration
1105,35.736831,61.1,Actions.acceleration
1106,35.753882,61.66,Actions.acceleration
1107,35.771073,61.92,Actions.coasting
1108,35.788242,61.7,Actions.coasting
1109,35.805351,61.49,Actions.coasting
1110,35.822401,61.27,Actions.coasting
1111,35.839391,61.06,Actions.coasting
1112,35.856321,60.84,Actions.coasting
1113,35.873192,60.63,Actions.coasting
1114,35.890004,60.42,Actions.coasting
1115,35.906757,60.21,Actions.coasting
1116,35.923452,60.0,Actions.coasting
1117,35.940088,59.79,Actions.coasting
1118,35.956666,59.58,Actions.coasting
1119,35.973185,59.37,Actions.coasting
1120,35.989647,59.16,Actions.coasting
1121,36.006057,59.13,Actions.acceleration
1122,36.022567,59.73,Actions.acceleration
1123,36.039241,60.32,Actions.acceleration
1124,36.056078,60.9,Actions.acceleration
1125,36.073075,61.47,Actions.acceleration
1126,36.090228,62.0,Actions.coasting
1127,36.107419,61.78,Actions.coasting
1128,36.124549,61.56,Actions.coasting
1129,36.14162,61.35,Actions.coasting
1130,36.15863,61.13,Actions.coasting
1131,36.175582,60.92,Actions.coasting
1132,36.192474,60.71,Actions.coasting
1133,36.209306,60.49,Actions.coasting
1134,36.22608,60.28,Actions.coasting
1135,36.242795,60.07,Actions.coasting
1136,36.259452,59.86,Actions.coasting
1137,36.27605,59.65,Actions.coasting
1138,36.29259,59.44,Actions.coasting
1139,36.309073,59.23,Actions.coasting
1140,36.325497,59.03,Actions.coasting
1141,36.341948,59.51,Actions.acceleration
1142,36.358563,60.11,Actions.acceleration
1143,36.375342,60.69,Actions.acceleration
1144,36.392281,61.26,Actions.acceleration
1145,36.409378,61.83,Actions.acceleration
1146,36.426579,61.86,Actions.coasting
1147,36.443731,61.64,Actions.coasting
1148,36.460823,61.42,Actions.coasting
1149,36.477854,61.21,Actions.coasting
1150,36.494827,60.99,Actions.coasting
1151,36.51174,60.78,Actions.coasting
1152,36.528593,60.57,Actions.coasting
1153,36.545388,60.36,Actions.coasting
1154,36.562124,60.14,Actions.coasting
1155,36.578801,59.93,Actions.coasting
1156,36.59542,59.72,Actions.coasting
1157,36.611981,59.51,Actions.coasting
1158,36.628483,59.31,Actions.coasting
1159,36.644928,59.1,Actions.coasting
1160,36.661345,59.31,Actions.acceleration
1161,36.677903,59.9,Actions.acceleration
1162,36.694625,60.49,Actions.acceleration
1163,36.711508,61.06,Actions.acceleration
1164,36.72855,61.63,Actions.acceleration
1165,36.745736,61.93,Actions.coasting
1166,36.762909,61.72,Actions.coasting
1167,36.780022,61.5,Actions.coasting
1168,36.797075,61.28,Actions.coasting
1169,36.814068,61.07,Actions.coasting
1170,36.831002,60.86,Actions.coasting
1171,36.847876,60.64,Actions.coasting
1172,36.864692,60.43,Actions.coasting
1173,36.881448,60.22,Actions.coasting
1174,36.898146,60.01,Actions.coasting
1175,36.914786,59.8,Actions.coasting
1176,36.931367,59.59,Actions.coasting
1177,36.94789,59.38,Actions.coasting
1178,36.964355,59.17,Actions.coasting
1179,36.980766,59.09,Actions.acceleration
1180,36.997265,59.69,Actions.acceleration
1181,37.01393,60.28,Actions.acceleration
1182,37.030758,60.86,Actions.acceleration
1183,37.047745,61.43,Actions.acceleration
1184,37.064888,61.99,Actions.acceleration
1185,37.082083,61.79,Actions.coasting
1186,37.099217,61.58,Actions.coasting
1187,37.116291,61.36,Actions.coasting
1188,37.133305,61.15,Actions.coasting
1189,37.15026,60.93,Actions.coasting
1190,37.167155,60.72,Actions.coasting
1191,37.183992,60.51,Actions.coasting
1192,37.200769,60.29,Actions.coasting
1193,37.217487,60.08,Actions.coasting
1194,37.234147,59.87,Actions.coasting
1195,37.250749,59.66,Actions.coasting
1196,37.267293,59.45,Actions.coasting
1197,37.283778,59.25,Actions.coasting
1198,37.300206,59.04,Actions.coasting
1199,37.316649,59.48,Actions.acceleration
1200,37.333255,60.07,Actions.acceleration
1201,37.350023,60.66,Actions.acceleration
1202,37.366953,61.23,Actions.acceleration
1203,37.38404,61.79,Actions.acceleration
1204,37.401241,61.87,Actions.coasting
1205,37.418396,61.65,Actions.coasting
1206,37.435491,61.44,Actions.coasting
1207,37.452527,61.22,Actions.coasting
1208,37.469502,61.01,Actions.coasting
1209,37.486419,60.79,Actions.coasting
1210,37.503276,60.58,Actions.coasting
1211,37.520074,60.37,Actions.coasting
1212,37.536813,60.16,Actions.coasting
1213,37.553494,59.95,Actions.coasting
1214,37.570116,59.74,Actions.coasting
1215,37.58668,59.53,Actions.coasting
1216,37.603186,59.32,Actions.coasting
1217,37.619635,59.11,Actions.coasting
1218,37.636049,59.27,Actions.acceleration
1219,37.652596,59.87,Actions.acceleration
1220,37.669308,60.45,Actions.acceleration
1221,37.686182,61.03,Actions.acceleration
1222,37.703215,61.6,Actions.acceleration
1223,37.720395,61.95,Actions.coasting
1224,37.737571,61.73,Actions.coasting
1225,37.754688,61.51,Actions.coasting
1226,37.771744,61.3,Actions.coasting
1227,37.788741,61.08,Actions.coasting
1228,37.805679,60.87,Actions.coasting
1229,37.822557,60.66,Actions.coasting
1230,37.839376,60.44,Actions.coasting
1231,37.856136,60.23,Actions.coasting
1232,37.872837,60.02,Actions.coasting
1233,37.88948,59.81,Actions.coasting
1234,37.906065,59.6,Actions.coasting
1235,37.922591,59.39,Actions.coasting
1236,37.93906,59.18,Actions.coasting
1237,37.955472,59.06,Actions.acceleration
1238,37.971961,59.66,Actions.acceleration
1239,37.988616,60.25,Actions.acceleration
1240,38.005434,60.83,Actions.acceleration
1241,38.022411,61.4,Actions.acceleration
1242,38.039546,61.96,Actions.acceleration
1243,38.056743,61.8,Actions.coasting
1244,38.073881,61.59,Actions.coasting
1245,38.090958,61.37,Actions.coasting
1246,38.107976,61.16,Actions.coasting
1247,38.124934,60.94,Actions.coasting
1248,38.141833,60.73,Actions.coasting
1249,38.158673,60.52,Actions.coasting
1250,38.175454,60.31,Actions.coasting
1251,38.192176,60.09,Actions.coasting
1252,38.208839,59.88,Actions.coasting
1253,38.225445,59.67,Actions.coasting
1254,38.241992,59.47,Actions.coasting
1255,38.258481,59.26,Actions.coasting
1256,38.274912,59.05,Actions.coasting
1257,38.291348,59.44,Actions.acceleration
1258,38.307943,60.04,Actions.acceleration
1259,38.324702,60.62,Actions.acceleration
1260,38.341622,61.19,Actions.acceleration
1261,38.3587,61.76,Actions.acceleration
1262,38.375899,61.88,Actions.coasting
1263,38.393058,61.66,Actions.coasting
1264,38.410157,61.45,Actions.coasting
1265,38.427196,61.23,Actions.coasting
1266,38.444175,61.02,Actions.coasting
1267,38.461095,60.81,Actions.coasting
1268,38.477956,60.59,Actions.coasting
1269,38.494757,60.38,Actions.coasting
1270,38.5115,60.17,Actions.coasting
1271,38.528184,59.96,Actions.coasting
1272,38.54481,59.75,Actions.coasting
1273,38.561377,59.54,Actions.coasting
1274,38.577887,59.33,Actions.coasting
1275,38.594339,59.12,Actions.coasting
1276,38.61075,59.23,Actions.acceleration
1277,38.627288,59.83,Actions.acceleration
1278,38.64399,60.42,Actions.acceleration
1279,38.660854,61.0,Actions.acceleration
1280,38.677877,61.56,Actions.acceleration
1281,38.695051,61.96,Actions.coasting
1282,38.712231,61.74,Actions.coasting
1283,38.729351,61.53,Actions.coasting
1284,38.746412,61.31,Actions.coasting
1285,38.763412,61.1,Actions.coasting
1286,38.780353,60.88,Actions.coasting
1287,38.797234,60.67,Actions.coasting
1288,38.814057,60.46,Actions.coasting
1289,38.83082,60.24,Actions.coasting
1290,38.847525,60.03,Actions.coasting
1291,38.864172,59.82,Actions.coasting
1292,38.88076,59.61,Actions.coasting
1293,38.89729,59.4,Actions.coasting
1294,38.913762,59.2,Actions.coasting
1295,38.930176,59.02,Actions.acceleration
1296,38.946656,59.62,Actions.acceleration
1297,38.963301,60.21,Actions.acceleration
1298,38.980109,60.8,Actions.acceleration
1299,38.997077,61.37,Actions.acceleration
1300,39.014202,61.93,Actions.acceleration
1301,39.031401,61.82,Actions.coasting
1302,39.048542,61.6,Actions.coasting
1303,39.065624,61.39,Actions.coasting
1304,39.082645,61.17,Actions.coasting
1305,39.099607,60.96,Actions.coasting
1306,39.116509,60.74,Actions.coasting
1307,39.133353,60.53,Actions.coasting
1308,39.150137,60.32,Actions.coasting
1309,39.166862,60.11,Actions.coasting
1310,39.183529,59.9,Actions.coasting
1311,39.200138,59.69,Actions.coasting
1312,39.216688,59.48,Actions.coasting
1313,39.233181,59.27,Actions.coasting
1314,39.249615,59.06,Actions.coasting
1315,39.266047,59.41,Actions.acceleration
1316,39.282635,60.01,Actions.acceleration
1317,39.299386,60.59,Actions.acceleration
1318,39.316298,61.17,Actions.acceleration
1319,39.333369,61.73,Actions.acceleration
1320,39.350566,61.89,Actions.coasting
1321,39.367729,61.68,Actions.coasting
1322,39.384831,61.46,Actions.coasting
1323,39.401874,61.25,Actions.coasting
1324,39.418856,61.03,Actions.coasting
1325,39.43578,60.82,Actions.coasting
1326,39.452644,60.61,Actions.coasting
1327,39.469449,60.39,Actions.coasting
1328,39.486195,60.18,Actions.coasting
1329,39.502883,59.97,Actions.coasting
1330,39.519512,59.76,Actions.coasting
1331,39.536083,59.55,Actions.coasting
1332,39.552596,59.34,Actions.coasting
1333,39.569051,59.14,Actions.coasting
1334,39.585461,59.2,Actions.acceleration
1335,39.601988,59.79,Actions.acceleration
1336,39.618681,60.38,Actions.acceleration
1337,39.635535,60.96,Actions.acceleration
1338,39.652548,61.53,Actions.acceleration
1339,39.669716,61.97,Actions.coasting
1340,39.686899,61.75,Actions.coasting
1341,39.704023,61.54,Actions.coasting
1342,39.721086,61.32,Actions.coasting
1343,39.73809,61.11,Actions.coasting
1344,39.755035,60.89,Actions.coasting
1345,39.77192,60.68,Actions.coasting
1346,39.788745,60.47,Actions.coasting
1347,39.805512,60.26,Actions.coasting
1348,39.822221,60.05,Actions.coasting
1349,39.838871,59.84,Actions.coasting
1350,39.855462,59.63,Actions.coasting
1351,39.871995,59.42,Actions.coasting
1352,39.888471,59.21,Actions.coasting
1353,39.904889,59.0,Actions.coasting
1354,39.921358,59.59,Actions.acceleration
1355,39.937993,60.18,Actions.acceleration
1356,39.954791,60.76,Actions.acceleration
1357,39.97175,61.33,Actions.acceleration
1358,39.988865,61.89,Actions.acceleration
1359,40.006066,61.83,Actions.coasting
1360,40.023211,61.61,Actions.coasting
1361,40.040295,61.4,Actions.coasting
1362,40.05732,61.18,Actions.coasting
1363,40.074286,60.97,Actions.coasting
1364,40.091192,60.76,Actions.coasting
1365,40.108038,60.54,Actions.coasting
1366,40.124826,60.33,Actions.coasting
1367,40.141555,60.12,Actions.coasting
1368,40.158226,59.91,Actions.coasting
1369,40.174838,59.7,Actions.coasting
1370,40.191391,59.49,Actions.coasting
1371,40.207887,59.28,Actions.coasting
1372,40.224325,59.07,Actions.coasting
1373,40.240751,59.38,Actions.acceleration
1374,40.257329,59.97,Actions.acceleration
1375,40.274071,60.56,Actions.acceleration
1376,40.290973,61.13,Actions.acceleration
1377,40.308034,61.7,Actions.acceleration
1378,40.325228,61.91,Actions.coasting
1379,40.342394,61.69,Actions.coasting
1380,40.3595,61.47,Actions.coasting
1381,40.376546,61.26,Actions.coasting
1382,40.393533,61.04,Actions.coasting
1383,40.410459,60.83,Actions.coasting
1384,40.427327,60.62,Actions.coasting
1385,40.444136,60.41,Actions.coasting
1386,40.460885,60.19,Actions.coasting
1387,40.477576,59.98,Actions.coasting
1388,40.494209,59.77,Actions.coasting
1389,40.510783,59.56,Actions.coasting
1390,40.527299,59.36,Actions.coasting
1391,40.543758,59.15,Actions.coasting
1392,40.560167,59.16,Actions.acceleration
1393,40.576685,59.76,Actions.acceleration
1394,40.593367,60.35,Actions.acceleration
1395,40.610212,60.93,Actions.acceleration
1396,40.627216,61.49,Actions.acceleration
1397,40.644375,61.98,Actions.coasting
1398,40.661562,61.77,Actions.coasting
1399,40.678689,61.55,Actions.coasting
1400,40.695757,61.34,Actions.coasting
1401,40.712764,61.12,Actions.coasting
1402,40.729712,60.91,Actions.coasting
1403,40.7466,60.69,Actions.coasting
1404,40.76343,60.48,Actions.coasting
1405,40.7802,60.27,Actions.coasting
1406,40.796912,60.06,Actions.coasting
1407,40.813565,59.85,Actions.coasting
1408,40.83016,59.64,Actions.coasting
1409,40.846697,59.43,Actions.coasting
1410,40.863176,59.22,Actions.coasting
1411,40.879597,59.01,Actions.coasting
1412,40.896057,59.55,Actions.acceleration
1413,40.912682,60.14,Actions.acceleration
1414,40.92947,60.73,Actions.acceleration
1415,40.946419,61.3,Actions.acceleration
1416,40.963525,61.86,Actions.acceleration
1417,40.980727,61.84,Actions.coasting
1418,40.997875,61.63,Actions.coasting
1419,41.014963,61.41,Actions.coasting
1420,41.031992,61.2,Actions.coasting
1421,41.048961,60.98,Actions.coasting
1422,41.06587,60.77,Actions.coasting
1423,41.08272,60.56,Actions.coasting
1424,41.099512,60.34,Actions.coasting
1425,41.116244,60.13,Actions.coasting
1426,41.132918,59.92,Actions.coasting
1427,41.149533,59.71,Actions.coasting
1428,41.166091,59.5,Actions.coasting
1429,41.18259,59.29,Actions.coasting
1430,41.199031,59.09,Actions.coasting
1431,41.215453,59.34,Actions.acceleration
1432,41.23202,59.94,Actions.acceleration
1433,41.248752,60.52,Actions.acceleration
1434,41.265645,61.1,Actions.acceleration
1435,41.282697,61.66,Actions.acceleration
1436,41.299887,61.92,Actions.coasting
1437,41.317057,61.7,Actions.coasting
1438,41.334166,61.49,Actions.coasting
1439,41.351216,61.27,Actions.coasting
1440,41.368205,61.06,Actions.coasting
1441,41.385136,60.84,Actions.coasting
1442,41.402007,60.63,Actions.coasting
1443,41.418819,60.42,Actions.coasting
1444,41.435572,60.21,Actions.coasting
1445,41.452267,60.0,Actions.coasting
1446,41.468903,59.79,Actions.coasting
1447,41.48548,59.58,Actions.coasting
1448,41.502,59.37,Actions.coasting
1449,41.518462,59.16,Actions.coasting
1450,41.534871,59.12,Actions.acceleration
1451,41.551379,59.72,Actions.acceleration
1452,41.568051,60.31,Actions.acceleration
1453,41.584886,60.89,Actions.acceleration
1454,41.601881,61.46,Actions.acceleration
1455,41.619032,62.0,Actions.coasting
1456,41.636222,61.78,Actions.coasting
1457,41.653353,61.56,Actions.coasting
1458,41.670424,61.35,Actions.coasting
1459,41.687435,61.13,Actions.coasting
1460,41.704386,60.92,Actions.coasting
1461,41.721278,60.71,Actions.coasting
1462,41.738111,60.49,Actions.coasting
1463,41.754885,60.28,Actions.coasting
1464,41.7716,60.07,Actions.coasting
1465,41.788257,59.86,Actions.coasting
1466,41.804855,59.65,Actions.coasting
1467,41.821395,59.44,Actions.coasting
1468,41.837878,59.23,Actions.coasting
1469,41.854302,59.03,Actions.coasting
1470,41.870754,59.52,Actions.acceleration
1471,41.887369,60.11,Actions.acceleration
1472,41.904148,60.69,Actions.acceleration
1473,41.921087,61.26,Actions.acceleration
1474,41.938183,61.83,Actions.acceleration
1475,41.955385,61.86,Actions.coasting
1476,41.972537,61.64,Actions.coasting
1477,41.989629,61.42,Actions.coasting
1478,42.006661,61.21,Actions.coasting
1479,42.023633,60.99,Actions.coasting
1480,42.040546,60.78,Actions.coasting
1481,42.0574,60.57,Actions.coasting
1482,42.074194,60.36,Actions.coasting
1483,42.09093,60.14,Actions.coasting
1484,42.107608,59.93,Actions.coasting
1485,42.124227,59.72,Actions.coasting
1486,42.140787,59.52,Actions.coasting
1487,42.15729,59.31,Actions.coasting
1488,42.173735,59.1,Actions.coasting
1489,42.190152,59.31,Actions.acceleration
1490,42.20671,59.9,Actions.acceleration
1491,42.223432,60.49,Actions.acceleration
1492,42.240315,61.06,Actions.acceleration
1493,42.257357,61.63,Actions.acceleration
1494,42.274543,61.93,Actions.coasting
1495,42.291716,61.72,Actions.coasting
1496,42.308829,61.5,Actions.coasting
1497,42.325882,61.28,Actions.coasting
1498,42.342876,61.07,Actions.coasting
1499,42.35981,60.86,Actions.coasting
